10.45.137.31 | SUCCESS | rc=0 >>
    id    | clubid  
----------+---------
  6608366 |  828366
 42208363 |  338363
  9078363 |  338363
  7198366 |  828366
    88367 |  828366
  9068363 |  338363
  7338366 |  828366
  8148366 |  828366
  7148366 |  828366
 42388363 |  828366
 30658366 |  828366
 42408363 |  828366
 30348366 |  828366
 20708366 |  828366
  7368363 |  338363
  1028363 |  338363
  7208366 |  828366
  7018379 | 1078367
 40398363 | 1078367
   318367 | 1078367
 31318366 |  828366
  2978367 | 1078367
  3598367 | 1078367
   138363 |  338363
   588366 | 1078367
   758363 |  338363
 31518366 |  828366
  5268363 |  338363
  1518365 | 1078367
  7268366 | 1078367
   688366 |  338363
   748379 | 1078367
  2198365 |  338363
   628366 |  828366
  2388363 |  338363
   108379 |  828366
  2218365 |  338363
  2388376 |  338363
  1358366 | 1078367
 42008363 |  338363
  4998366 |  338363
   298367 | 1078367
  3138367 | 1078367
 42078363 |  338363
  2698365 |  338363
    58363 |  828366
 42118363 | 1078367
  2148364 |  828366
  5388366 | 1078367
  1058376 | 1078367
 42148363 |  338363
 42178363 |  338363
   308378 |  338363
   128364 |  828366
  1388366 |  828366
   558380 | 1078367
   458367 |  828366
  4748378 | 1078367
   798379 |  828366
  4868380 | 1078367
  2148379 |  828366
   168379 | 1078367
  4268376 |  338363
  3048376 | 1078367
  1308376 | 1078367
  1118376 | 1078367
  7328376 | 1078367
  7318376 | 1078367
  7358376 | 1078367
  7338376 | 1078367
  7078376 |  338363
  2328376 |  338363
  6568378 | 1078367
  1148378 | 1078367
  6108378 | 1078367
(75 rows)
10.45.139.182 | SUCCESS | rc=0 >>
   id    | clubid 
---------+--------
 8058538 |  38554
 4738552 |  38554
 4508552 |  38554
 8148538 |  38554
 8068538 |  38554
 8018538 |  38554
 8118538 |  38554
 8038538 |  38554
 8108538 |  38554
 8048538 |  38554
  268554 |  38554
 8128538 |  38554
 7998538 |  38554
 4708552 |  38554
   78552 |  38554
 4508554 |  38554
 2478538 |  38554
 8028538 |  38554
 8078538 |  38554
 8008538 |  38554
 8158538 |  38554
 8088538 |  38554
  238538 |  38554
 8098538 |  38554
 9368538 |  38554
  248554 |  38554
(26 rows)
10.45.137.144 | SUCCESS | rc=0 >>
    id    | clubid 
----------+--------
  2758234 |  18236
  2368235 |  18236
 75048234 |  18236
   718234 |  18236
  1238251 |  18236
 43798234 |  18236
 46788255 |  18236
 10428234 |  18236
 31698234 |  18236
  5838230 |  18236
 23708255 |  18236
 24218252 |  18236
 16438237 |  18236
  4978236 |  18236
   848255 |  18236
   248236 |  18236
  2198234 |  18236
  3178234 |  18236
   978229 |  18236
 46288236 |  18236
  6748236 |  18236
  6068236 |  18236
 44168237 |  18236
  3238237 |  18236
 10078237 |  18236
 25598237 |  18236
 54708237 |  18236
 66198230 |  18236
  4618230 |  18236
 49288230 |  18236
  4578230 |  18236
   288230 |  18236
 15758250 |  18236
  2988250 |  18236
 59868251 | 178251
 59878251 | 178251
 11128251 | 178251
 59928251 | 178251
 59838251 | 178251
 59938251 | 178251
 66078251 | 178251
 60008251 | 178251
 60048251 | 178251
 59848251 | 178251
  2468251 | 178251
 37068251 |  18236
 69028251 | 178251
 71298251 | 178251
 12768251 | 178251
 60018251 | 178251
  5038251 | 178251
 59898251 | 178251
 60028251 | 178251
 59858251 | 178251
   598251 | 178251
 47948251 |  18236
  1508251 | 178251
 60038251 | 178251
   398251 | 178251
 60058251 | 178251
 59918251 | 178251
 50058251 | 178251
 45818251 | 178251
  6848255 |  18236
 24298255 |  18236
(65 rows)
10.45.138.188 | SUCCESS | rc=0 >>
    id    | clubid 
----------+--------
  4338495 |  58498
   928495 |  58498
   388495 |  18421
 13558421 |  18421
 14368421 |  58498
 14338421 |  58498
   428477 |  18421
 14408421 |  58498
   238421 |  18421
 14348421 |  58498
   838498 |  58498
 14358421 |  58498
 17108421 |  58498
  1148421 |  18421
 14378421 |  58498
 14568421 |  58498
   368421 |  18421
   328421 |  18421
    18421 |  58498
   198421 |  18421
 17428421 |  58498
  8258477 |  58498
   958480 |  58498
   178480 |  18421
  1348480 |  18421
  3668498 |  58498
  8068498 |  58498
  1838498 |  58498
  2258498 |  58498
  1988498 |  58498
   308421 |  18421
   198480 |  58498
   998498 |  58498
  5828498 |  58498
  1748498 |  58498
  2078498 |  58498
  1798498 |  58498
   178498 |  58498
  5698498 |  18421
  2478498 |  58498
    28498 |  58498
  1348495 |  18421
   508495 |  58498
(43 rows)
10.45.137.93 | SUCCESS | rc=0 >>
   id    | clubid 
---------+--------
 3788551 | 418551
  538551 | 418551
  228515 | 418551
 4128551 | 418551
 3768551 | 418551
 4118551 | 418551
 1838551 | 418551
 3968551 | 418551
 4138551 | 418551
 4218551 | 418551
 4328551 | 418551
 4158551 | 418551
 3958551 | 418551
 4378551 | 418551
 4248551 | 418551
 4308551 | 418551
 4368551 | 418551
 4068551 | 418551
 4568551 | 418551
 4088551 | 418551
  368535 | 418551
   98535 | 418551
  188515 | 418551
 2578535 | 418551
 1258551 | 418551
 1288551 | 418551
 4148551 | 418551
  568551 | 418551
 4638551 | 418551
 4168551 | 418551
 4238551 | 418551
 1818515 | 418551
  688534 | 418551
(33 rows)
10.45.139.236 | SUCCESS | rc=0 >>
   id    | clubid  
---------+---------
 5608556 | 1998556
 5588556 | 1998556
 5028556 | 1998556
 5178556 | 1998556
 5458556 | 1998556
 5618556 | 1998556
 5128556 | 1998556
 7208556 | 1998556
 7198556 | 1998556
 7218556 | 1998556
 7188556 | 1998556
 5398556 | 1998556
 8488556 | 1998556
 2348556 | 1998556
 8888533 | 1998556
 8798533 | 1998556
 7728556 | 1998556
 9368533 | 1998556
 5048556 | 1998556
 5068556 | 1998556
 5578556 | 1998556
 9388533 | 1998556
 8908533 | 1998556
 8898533 | 1998556
  648556 | 1998556
 8928533 | 1998556
 8918533 | 1998556
(27 rows)
10.45.139.25 | SUCCESS | rc=0 >>
 id | clubid 
----+--------
(0 rows)
10.45.138.168 | SUCCESS | rc=0 >>
 id | clubid 
----+--------
(0 rows)
10.48.9.133 | SUCCESS | rc=0 >>
 id | clubid 
----+--------
(0 rows)
10.48.8.37 | SUCCESS | rc=0 >>
 id | clubid 
----+--------
(0 rows)
10.45.136.136 | SUCCESS | rc=0 >>
 id | clubid 
----+--------
(0 rows)
10.45.136.29 | SUCCESS | rc=0 >>
    id    | clubid 
----------+--------
 73648289 |  38306
   158289 |  18287
  1498306 |  18287
    18307 |  18287
   168459 |  18287
 40818306 |  38306
 76598289 |  18287
  7218289 |  18287
 23908287 |  18287
 15658287 |  18287
  4258287 |  18287
   108287 |  18287
    98287 |  18287
   288306 |  38306
  1178308 |  18287
 47988307 |  18287
 45418287 |  18287
 28428311 |  18287
  5488311 |  38306
   558311 |  18287
  1978311 |  18287
 35178311 |  18287
  2228289 |  18287
    58306 |  18287
  3418460 |  18287
  6748306 |  38306
 32828306 |  38306
 22748306 |  38306
  2708306 |  38306
   888306 |  38306
 47228306 |  38306
 37068310 |  38306
 15208310 |  38306
   108308 |  18287
 76338289 |  38306
 38358308 |  18287
  2838459 |  18287
   218461 |  18287
 79178289 |  38306
  5028461 | 178461
  5578461 | 178461
 67728309 |  18287
   558459 |  18287
  4088306 |  18287
  2048461 | 178461
  3178461 |  38306
  1788461 | 178461
  2408461 | 178461
  2528461 | 178461
  2638461 | 178461
  3118461 | 178461
  4068461 | 178461
  3428461 |  18287
  4158461 | 178461
   208461 | 178461
 79838289 |  38306
 79768289 |  38306
   868309 |  18287
 79938289 |  38306
  2198460 |  18287
 80068289 |  38306
  1098459 |  18287
    48459 |  18287
  1058460 |  18287
   588459 |  18287
  1888461 |  18287
  6368461 |  18287
   408461 |  38306
  6318461 |  18287
(69 rows)
10.45.137.0 | SUCCESS | rc=0 >>
    id    | clubid 
----------+--------
  6988476 |  18476
  6978476 |  18476
  7008476 |  18476
  1018476 |  18476
  7048476 |  18476
 18078476 |  18476
  1278476 |  18476
  7028476 |  18476
  7018476 |  18476
   828476 |  18476
   398476 |  18476
  7038476 |  18476
   468476 |  18476
  6998476 |  18476
  4638476 |  18476
    28496 |  18476
  2028496 |  18476
   678494 |  18476
   128496 |  18476
   338494 |  18476
  1458494 |  18476
   288494 |  18476
    88494 |  18476
  1038476 |  18476
  5508476 |  18476
  5768476 |  18476
 17758476 |  18476
 19058476 |  18476
 17178476 |  18476
  6698476 |  18476
  4208476 |  18476
   348476 |  18476
  6728476 |  18476
  2388476 |  18476
   488476 |  18476
  1868476 |  18476
   198476 |  18476
  2418496 |  18476
   108476 |  18476
  4158476 |  18476
(40 rows)
10.45.139.226 | SUCCESS | rc=0 >>
    id    | clubid  
----------+---------
   878425 |   18290
 52138288 | 1788272
 45128273 |   18290
 46728272 | 1788272
  7318292 |   18290
 15158290 | 1788272
 52638288 | 1788272
  4258271 |   18290
 18748272 | 1788272
 14578272 |   18290
 39658288 |   18290
 47158272 | 1788272
 46218272 | 1788272
 47038272 | 1788272
  7158271 |   18290
    28268 |   18290
  1818272 |   18290
  5138423 |  388423
  1618288 |   18290
 73048271 | 1788272
   228292 |   18290
   898268 |   18290
  2628274 |   18290
 19928288 |   18290
 52538288 | 1788272
   748271 |   18290
 52168288 | 1788272
 36448291 |   18290
 28618273 |   18290
  8388423 |  388423
  5608423 |  388423
  5828423 |  388423
  3908423 |  388423
  6828425 |   18290
  3228423 |  388423
  5918269 |   18290
  5248423 |  388423
  5198423 |  388423
  3798423 |  388423
   318290 |   18290
  2878423 |  388423
 47538269 | 1108269
 11108425 |   18290
 11098425 |   18290
  1158425 |   18290
  5778423 |  388423
  1788423 |  388423
   428423 |  388423
  5848423 |  388423
  4078423 |  388423
  3858423 |  388423
  3118423 |  388423
  5788423 |  388423
  4658292 |   18290
  4788423 |  388423
  4528423 |  388423
  4568423 |  388423
  5808423 |  388423
   448423 |  388423
  2198423 |  388423
  4638423 |  388423
  4718423 |  388423
  5518423 |  388423
  8398423 |  388423
  2388423 |  388423
   268271 |   18290
  2538423 |  388423
   358292 |   18290
  3348423 |  388423
  7368273 |   18290
  5818423 |  388423
  2978423 |  388423
  2008423 |  388423
 78728271 | 1788272
 78798271 | 1788272
   318425 |   18290
  1648422 |  388423
   268423 |  388423
 47148272 | 1788272
  1278425 |   18290
 18648274 |  388423
  2768423 |  388423
 47518269 | 1108269
 15288272 | 1788272
 46228273 |   18290
   528425 |   18290
   188288 |   18290
  7498271 |   18290
 19268269 |   18290
 43968272 | 1108269
 63508288 | 1788272
  1698422 |   18290
  3178271 |   18290
   938423 |  388423
  9628272 |   18290
 37498268 |  388423
  6468269 | 1108269
  9648290 |   18290
 47528269 | 1108269
 39678274 |   18290
    18425 |   18290
 47318269 | 1108269
(102 rows)
10.45.139.151 | SUCCESS | rc=0 >>
    id    | clubid 
----------+--------
 23088377 |  78377
   548424 | 668424
  9818377 |  78377
  9858377 |  78377
  9828377 |  78377
  2328377 |  78377
 11388406 | 668424
  9808377 |  78377
  1418403 | 668424
   298402 | 668424
  9838377 |  78377
   828405 | 668424
  9848377 |  78377
  1088424 | 668424
  1468424 | 668424
   118424 | 668424
  6608377 |  78377
  4588377 |  78377
  6628377 |  78377
   518377 |  78377
   118377 |  78377
  1988375 |  78377
  2848406 | 668424
   738375 | 668424
 13408406 | 668424
  8838406 | 668424
  4238377 |  78377
 16308377 |  78377
  9978406 | 668424
  2548406 | 668424
   288406 | 668424
 13028406 | 668424
   628402 | 668424
   618402 | 668424
  1208402 |  18402
    88402 |  18402
  8858404 | 668424
  8878404 | 668424
  5308403 |  78377
   678403 | 668424
 11168403 | 668424
   158403 | 668424
  7658405 |  78377
  3368405 |  78377
  2208405 |  78377
  1498424 | 668424
  4128401 | 668424
   868401 | 668424
  7088424 | 668424
   938424 | 668424
   138424 | 668424
   268424 | 668424
  1398401 | 668424
  2458424 | 668424
   198401 | 668424
  1668401 | 668424
   438424 | 668424
(57 rows)
10.45.138.191 | SUCCESS | rc=0 >>
    id     | clubid 
-----------+--------
  21408179 |  38440
  61538137 |  38440
  45648137 |  88176
  32938161 |  38440
  12668161 |  88176
   8538176 |  88176
    298442 |  58163
    558440 |  38440
   7518179 |  88176
    198160 |  38440
  63058137 |  38440
    358161 |  58163
   6288163 |  58163
   2788442 |  38440
  36788163 |  58163
  45448163 |  58163
  74728162 |  38440
  68468162 |  88176
   6888162 |  88176
   1118157 |  58163
  62028158 |  58163
  62358158 |  58163
  62428158 |  58163
  47988158 |  88176
  62298158 |  58163
  62608158 |  38440
   6888157 |  58163
  62368158 |  58163
  11028160 |  88176
 114838137 |  38440
  87428178 | 488157
   2778179 |  38440
  38268179 |  38440
  19268179 |  88176
  28068179 |  38440
  15288179 |  88176
  38288181 |  88176
  43108181 | 748181
   5858157 |  38440
  18108163 |  58163
   1438160 |  58163
  25828158 |  58163
   8018163 |  58163
   2718442 |  38440
    328420 |  38440
  13368178 |  38440
   4118176 |  88176
    528442 |  38440
   2168163 |  58163
     48163 |  58163
   3318440 |  58163
  37278162 |  38440
  29638176 |  88176
   1418442 |  58163
 121278137 |  88176
  21848163 |  88176
   1578420 |  38440
   8878443 |  38440
    848420 |  88176
  32628176 |  88176
   4408442 |  38440
  20248181 |  58163
 119238137 |  38440
   1208176 |  38440
    758443 |  38440
   2898161 |  58163
    238163 |  38440
  23898176 |  88176
  67838157 | 488157
 118558137 | 488157
    638163 |  58163
  32838137 |  58163
    128162 |  38440
  31258158 |  58163
 122048137 |  88176
   1028420 |  38440
   1298176 |  58163
   2588440 |  38440
  11968158 |  58163
  26508178 |  58163
   6968160 |  38440
    388440 |  38440
  28618157 | 488157
  50618181 |  88176
    928440 |  58163
   1168438 |  38440
    638438 |  38440
    118438 |  88176
    448441 |  58163
   2168439 |  38440
   5358439 |  38440
    248439 |  38440
  44428178 |  38440
  16198163 |  58163
  76798179 |  88176
   4778176 |  38440
    868442 |  88176
    138420 |  38440
  19148163 |  88176
  42698176 |  88176
(100 rows)
10.45.139.102 | SUCCESS | rc=0 >>
 id | clubid 
----+--------
(0 rows)
10.45.138.60 | SUCCESS | rc=0 >>
    id     | clubid  
-----------+---------
 115208177 | 1588177
 115338177 | 1588177
 115328177 | 1588177
 111048177 | 1588177
 115238177 | 1588177
   4918177 |  138213
  68018177 | 1588177
 118388177 |  138213
     28194 |  138213
  72838194 |  138213
  35178198 |   18198
  65298198 |   18198
    408177 |  138213
  65308198 |   18198
  65358198 |   18198
  65338198 |   18198
   4188198 |   18198
  65348198 |   18198
  70558198 |   18198
   8968198 |   18198
  65288198 |   18198
  65278198 |   18198
  65318198 |   18198
  65328198 |   18198
  65268198 |   18198
  36898215 |  138213
     78199 |   18198
   2248199 |   18198
   1618214 |   18198
  23288218 |  138213
   2828213 |  138213
  46978213 |  138213
    258478 |  138213
  45398216 |  138213
   6918214 |   18198
  23328218 |  138213
   7388194 |   18198
   1068214 |  138213
   1198214 |   18198
   6208213 |  138213
  66088196 |  138213
  42118198 |   18198
 127158177 |  138213
  42558195 |   18198
    848198 |   18198
   4098215 |  138213
  31998213 |  138213
    218478 |   18198
  15668217 |  138213
 123778177 |  138213
    738218 |  138213
   1898194 |  138213
   5878180 |  138213
  65788197 |  138213
  17118217 |  138213
  24218195 |   18198
   1358478 |   18198
     18214 |   18198
  48848194 |   18198
  55858195 |   18198
  15128213 |  138213
  68008194 |   18198
   1678478 |  138213
  26338213 |  138213
(64 rows)
10.45.139.99 | SUCCESS | rc=0 >>
 id | clubid 
----+--------
(0 rows)
10.45.137.52 | SUCCESS | rc=0 >>
 id | clubid 
----+--------
(0 rows)
10.45.137.250 | SUCCESS | rc=0 >>
 id | clubid 
----+--------
(0 rows)
10.45.138.252 | SUCCESS | rc=0 >>
    id     | clubid  
-----------+---------
 224637710 | 5277710
 221497710 | 1088457
  10668458 | 1088457
 222147710 | 5137710
 224657710 | 5277710
 224647710 | 5277710
   4337823 | 5277710
 102157823 | 2797823
 182317710 | 2797823
   5157763 |  117778
 175067750 | 2797823
 177297710 | 2797823
  33477763 |  117778
  73157775 |  117778
  24307727 |  117778
 221707710 | 5137710
   2147778 |  117778
 221717710 | 5137710
  10608458 | 1088457
  81177778 | 5137710
 222347710 | 5137710
   2787763 |  117778
  84267853 | 2797823
    247712 |  117778
 182747710 |  117778
  21807763 |  117778
 196167710 | 2797823
 213657710 | 5137710
    797775 |  117778
  36387711 |  117778
 222907710 |  117778
 221187710 | 1088457
 193397710 | 2797823
 224287710 |  117778
  81457853 | 2797823
  45817742 |  117778
  98717823 | 2797823
    837709 |  117778
  81487853 |  117778
 224297710 | 5137710
 224337710 | 5137710
 224307710 | 5137710
 224327710 | 5137710
 224317710 | 5137710
     57763 |  117778
    378457 | 5137710
 221887710 | 5137710
 221217710 | 1088457
   4998457 | 1088457
   7677842 |  117778
   2168458 | 5137710
 224347710 | 5277710
   5068457 | 1088457
  40337842 |  117778
    778458 |  117778
    948457 | 1088457
   8207778 |  117778
   5918457 | 1088457
   2477778 |  117778
 224387710 | 5277710
 224377710 | 5277710
 224357710 | 5277710
 224367710 | 5277710
 224397710 | 5277710
 224407710 | 5277710
 224417710 | 5277710
 224437710 | 5277710
 224427710 | 5277710
   4888457 | 1088457
   3508458 | 5137710
   4978457 | 1088457
 224987710 | 5137710
   5477710 |  117778
    298457 | 1088457
  10177709 |  117778
  12327734 |  117778
  33357842 | 1088457
 224477710 | 5277710
 224497710 | 5277710
 224457710 | 5277710
 224467710 | 5277710
 224507710 | 5277710
 224487710 | 5277710
  80287842 |  117778
   4898457 | 1088457
 224537710 | 5277710
 224527710 | 5277710
 224517710 | 5277710
 224547710 | 5277710
  68397734 | 5137710
  35727778 |  117778
 224617710 | 5277710
 224627710 | 5277710
 224557710 | 5277710
 224577710 | 5277710
 224587710 | 5277710
 224607710 | 5277710
 224597710 | 5277710
  26147762 |  117778
   1807823 | 1088457
   1538457 | 1088457
   5148457 | 1088457
  16437779 |  117778
 223737710 | 5137710
 223757710 | 5137710
 223647710 | 5137710
 223687710 | 5137710
 223727710 | 5137710
 223767710 | 5137710
 223707710 | 5137710
 223747710 | 5137710
 223637710 | 5137710
 223677710 | 5137710
 223717710 | 5137710
 223617710 | 5137710
 223807710 | 5137710
 223827710 | 5137710
 223847710 | 5137710
 223837710 | 5137710
 223817710 | 5137710
 221587710 | 5137710
   1878458 | 1088457
  12927750 |  117778
  37567708 |  117778
  10678458 | 1088457
    817775 |  117778
  51617778 |  117778
  10638458 | 1088457
 223657710 | 5137710
 223697710 | 5137710
 223627710 | 5137710
   9628457 | 1088457
  84397712 |  117778
  47197750 |  117778
   1578457 | 1088457
  73517775 |  117778
  37447778 |  117778
 214817710 | 1088457
   1317709 |  117778
   1657762 |  117778
 221227710 | 5137710
 223357710 | 5137710
   1808457 | 1088457
(143 rows)
10.45.139.207 | SUCCESS | rc=0 >>
 id | clubid 
----+--------
(0 rows)
10.45.136.48 | SUCCESS | rc=0 >>
 id | clubid 
----+--------
(0 rows)
10.45.137.212 | SUCCESS | rc=0 >>
 id | clubid 
----+--------
(0 rows)
10.45.138.95 | SUCCESS | rc=0 >>
 id | clubid 
----+--------
(0 rows)
10.45.136.121 | SUCCESS | rc=0 >>
 id | clubid 
----+--------
(0 rows)
10.45.137.242 | SUCCESS | rc=0 >>
 id | clubid 
----+--------
(0 rows)
10.97.9.146 | SUCCESS | rc=0 >>
 id | clubid 
----+--------
(0 rows)
10.97.12.255 | SUCCESS | rc=0 >>
 id | clubid 
----+--------
(0 rows)
10.97.8.252 | SUCCESS | rc=0 >>
 id | clubid 
----+--------
(0 rows)
10.97.12.213 | SUCCESS | rc=0 >>
 id | clubid 
----+--------
(0 rows)
10.97.9.253 | SUCCESS | rc=0 >>
 id | clubid 
----+--------
(0 rows)
10.97.12.209 | SUCCESS | rc=0 >>
 id | clubid 
----+--------
(0 rows)
10.97.11.247 | SUCCESS | rc=0 >>
 id | clubid 
----+--------
(0 rows)
10.97.9.203 | SUCCESS | rc=0 >>
 id | clubid 
----+--------
(0 rows)
10.97.8.71 | SUCCESS | rc=0 >>
 id | clubid 
----+--------
(0 rows)
10.97.10.2 | SUCCESS | rc=0 >>
 id | clubid 
----+--------
(0 rows)
10.97.8.22 | SUCCESS | rc=0 >>
 id | clubid 
----+--------
(0 rows)
10.45.138.115 | SUCCESS | rc=0 >>
    id     | clubid  
-----------+---------
 283348061 | 1168107
 284168061 | 1168107
    538085 |   38060
    248082 |   38060
  51038107 | 1168107
 284418061 | 2768105
 289828061 | 2768105
 284748061 | 2768105
 126988060 |   38060
  71068081 | 2768105
 284608061 |   38060
   1938060 |   38060
   7058082 |   38060
 279168061 |   38060
 286618061 | 2768105
 144638060 |   38060
   1978060 |   38060
 106948060 |   38060
  44748060 | 1168107
 283328061 | 1168107
 106548060 |   38060
  21198081 | 2768105
  13868085 |   38060
  71078081 | 2768105
  21958060 |   38060
  24708061 | 2768105
 202598061 |   38060
     48081 |   38060
   6038144 | 2768105
 289678061 |   38060
  41468060 |   38060
 289848061 | 2768105
  63618081 | 2768105
  23378081 | 2768105
  22438061 |   38060
   5468105 | 2768105
   7338081 | 2768105
   6888085 |   38060
  28408085 |   38060
  64798085 |   38060
  13598144 | 2768105
  18158085 |   38060
  29128061 |   38060
  16788143 |  278143
    418082 | 2768105
 279988061 | 2768105
 261848061 | 2768105
   8048082 | 2768105
  12588060 |   38060
     88085 |   38060
 263288061 | 2768105
   6518060 |   38060
    268060 |   38060
 147968060 |   38060
  70928081 | 2768105
  69798081 | 2768105
  22218081 | 2768105
   6858084 |   38060
 277708061 | 2768105
 247768061 |   38060
   2318081 |   38060
 106928060 |   38060
   3078081 | 2768105
 111488060 |   38060
 271288061 | 2768105
  28988085 |   38060
  88598061 |   38060
   9818082 |   38060
    238141 | 2768105
  15208143 |  278143
  17918105 | 2768105
  78038141 | 1168107
   8988143 |   38060
  33088143 |   38060
  23498143 |  278143
  28178143 |  278143
  68508143 |  278143
  42738143 |  278143
   6838143 | 2768105
  68538143 |  278143
  15238143 |  278143
  68418143 |  278143
   6418144 | 2768105
  53118143 |  278143
  15038143 |  278143
   8858107 |   38060
   4308144 | 2768105
   3818107 | 2768105
  66738143 |  278143
 118608105 | 1168107
 118508105 | 1168107
  96458105 | 1168107
  50588105 | 2768105
  23278141 | 2768105
  30618105 | 2768105
  14588141 | 2768105
(96 rows)
10.45.136.197 | SUCCESS | rc=0 >>
 id | clubid 
----+--------
(0 rows)
10.97.8.79 | SUCCESS | rc=0 >>
 id | clubid 
----+--------
(0 rows)
10.45.138.212 | SUCCESS | rc=0 >>
    id     | clubid  
-----------+---------
  11987647 |   57427
  50447548 |   57427
  46387649 |  197649
  46367649 |  197649
  48517649 |  197649
  48597649 |  197649
  46517649 |  197649
  47347649 |  197649
  23957520 | 3777583
  50287669 |   77669
  46877649 |  197649
   1077673 |   57427
  47047550 |   57427
  42027649 |  197649
  47207649 |  197649
  47397649 |  197649
  30907427 |   57427
  45187665 |   97665
    517673 |   77669
    147550 |   57427
  45177665 |   97665
  45607665 | 3777583
  94647583 | 3777583
  42677666 |   77669
   5187425 |   77669
  34017665 | 3777583
  47557615 | 3777583
  41887665 | 3777583
  53077621 | 3777583
  90337621 |   97665
  45097665 |   97665
  45197665 |   97665
  45107665 |   97665
  45077665 |   97665
  45127665 |   97665
  45167665 |   97665
  45157665 |   97665
  45147665 |   97665
  45207665 |   97665
  45137665 |   97665
  61217650 |   77669
    157615 | 3777583
   2247621 | 3777583
  46827665 | 3777583
  17387666 |   57427
  49587672 | 3777583
    297427 |   57427
   1107550 |   57427
   2947616 | 3777583
  46627665 | 3777583
   2527425 |   77669
    517651 |   77669
    437646 |   57427
  76017616 |   77669
  54037621 | 3777583
  17557666 |   77669
   8547552 |   57427
    517646 |   77669
  21777665 | 3777583
   5107665 | 3777583
   7687665 | 3777583
  45957647 | 3777583
    367546 |   57427
   8007616 |   77669
   1757665 |   57427
  14997548 |   57427
  19057649 |  197649
   1527675 |   57427
   7197673 |   77669
  36017652 |   77669
  45217665 |   97665
  23317614 |   57427
 133137391 | 3777583
  48537649 |  197649
   1797552 |   57427
  48587649 |  197649
  44417649 |  197649
   2647427 |   57427
   5717649 |   77669
  48547649 |  197649
  46067649 |  197649
  41897665 |   97665
  27917621 | 3777583
  48527649 |  197649
     67427 |   57427
  48577649 |  197649
   2697665 |   77669
 119967614 |   77669
    567668 |   77669
  48497649 |  197649
   7117555 |   77669
   3147585 |   57427
  47037621 | 3777583
  46897649 |  197649
  46177649 |  197649
  20227669 |   77669
  50557669 |   77669
   1837651 |   77669
  66017650 |   57427
 135927391 | 3777583
     17552 |   57427
 139817391 | 3777583
   5887591 |   57427
   1927621 |   77669
  47167649 |  197649
  46757649 |  197649
  33797427 |   57427
  58197673 |   77669
 135387391 | 3777583
 135327391 | 3777583
   1997425 |   77669
   7617427 |   57427
   5467669 |   77669
   9237515 |   57427
   2717425 |   57427
    367552 |   57427
  45747649 |  197649
   4507673 | 3777583
  46837649 |  197649
  11777649 |  197649
    197651 |   77669
  49777669 |   77669
  48997669 |   77669
  49227669 |   77669
  50487669 |   77669
  48507649 |  197649
  46267649 |  197649
   9127649 |  197649
  46497649 |  197649
  46277649 |  197649
  46747649 |  197649
  32237669 |   77669
  45777649 |  197649
    147668 |   77669
  46377649 |  197649
   2627621 | 3777583
   4667647 |   77669
 118827614 | 3777583
  45117665 |   97665
   3687649 |  197649
  45797649 |  197649
  45537649 |  197649
    957706 | 3777583
  47157649 |  197649
  45727649 |  197649
  44917652 |   77669
 135447391 | 3777583
 135547391 | 3777583
   2247649 |   57427
   9627512 |   77669
   4027550 |   57427
  18367520 |   57427
   2947669 |   77669
   8467650 |   57427
  32657425 |   57427
    127546 |   57427
  31737615 |   77669
    917515 |   57427
   1087515 |   77669
(159 rows)
10.45.138.207 | SUCCESS | rc=0 >>
    id     | clubid 
-----------+--------
    117386 | 457390
   6977393 | 457390
  14017392 | 457390
  30947341 | 457390
  14727426 | 237433
 103977240 | 457390
  15447434 | 237433
  16207482 | 237433
   6097433 | 237433
  24697438 | 237433
  61337483 | 237433
    797485 | 457390
    587519 | 237433
   5827476 | 457390
  18907513 | 237433
  18597485 | 457390
  26747394 | 457390
   2097485 | 457390
   2177396 | 237433
  14047438 | 457390
  20207426 | 237433
   1517517 | 457390
     57434 | 237433
  26457393 | 457390
  22207397 | 457390
    617285 | 457390
   9997438 | 237433
   5167393 | 237433
  16177341 | 237433
  13727240 | 237433
   5047518 | 237433
  99687394 | 237433
 118427240 | 237433
  11377396 | 237433
  41337436 | 237433
  13207518 | 457390
   4937435 | 457390
  23767345 | 457390
   1867393 | 237433
    177394 | 457390
  13727347 | 237433
  34737392 | 237433
  11447349 | 237433
   3367396 | 237433
   6237285 | 457390
   9917433 | 237433
  51637394 | 457390
   6487443 | 457390
  48487340 | 237433
    327393 | 237433
    207389 | 457390
   1067485 | 457390
  45507383 | 457390
   3837393 | 237433
  23277394 | 457390
  40677477 | 237433
    647476 | 237433
  26437432 | 237433
    297397 | 457390
   3957426 | 237433
  46447240 | 237433
    297395 | 457390
  23867397 | 457390
   5897433 | 237433
   3027394 | 457390
   6767346 | 457390
  32427437 | 457390
   3357481 | 237433
   1357432 | 237433
  30707343 | 237433
   1017345 | 237433
    577285 | 457390
  38787479 | 457390
   7287285 | 237433
    887388 | 457390
   9887389 | 457390
   8077397 | 457390
    337397 | 457390
(78 rows)
10.45.139.222 | SUCCESS | rc=0 >>
    id    | clubid  
----------+---------
 66307150 | 2257234
  7527242 | 2257234
 37797228 | 2257234
 41407228 | 2257234
 40207228 | 2257234
 32987263 |  207263
 84088123 |  208123
 33047263 |  207263
 16447295 |  207263
 28087299 | 2257234
 20727234 | 2257234
 46067288 | 2257234
   117151 | 2257234
 54097155 | 2257234
 14157298 |  207263
  1877301 | 2257234
 31397263 |  207263
 14647289 | 2257234
 27697301 | 2257234
 40037228 | 2257234
 96037150 |  207263
 34877342 |  207263
  4477342 |  207263
 17157293 |  207263
  1877263 |  207263
 33007263 |  207263
  2367298 |  207263
 73187150 | 2257234
 73267150 |  207263
 14147238 | 2257234
 95367150 |  207263
 55928123 |  208123
 14807287 | 2257234
 15348123 |  208123
 37417263 | 2257234
 83088123 |  208123
 83508123 |  208123
 16877222 | 2257234
 83438123 |  208123
    98123 |  208123
 83448123 |  208123
 83418123 |  208123
 92817150 | 2257234
 21897241 | 2257234
 82878123 |  208123
 82958123 |  208123
 83458123 |  208123
 83468123 |  208123
 84098123 |  208123
 83638123 |  208123
 84148123 |  208123
  8417235 | 2257234
  4507162 | 2257234
 86528123 |  208123
 94287150 | 2257234
 84138123 |  208123
 16337263 |  207263
  2167302 | 2257234
  5547150 | 2257234
 83018123 |  208123
 82988123 |  208123
 83098123 |  208123
 83058123 |  208123
 83048123 |  208123
 83028123 |  208123
 83068123 |  208123
 82928123 |  208123
 83668123 |  208123
 83038123 |  208123
 82888123 |  208123
 13057302 | 2257234
 82978123 |  208123
 83078123 |  208123
 83008123 |  208123
   468123 |  208123
 82998123 |  208123
 83108123 |  208123
 82968123 |  208123
  5317301 | 2257234
 61468124 |  208123
 31187294 | 2257234
 47278124 |  208123
  3447286 | 2257234
 22607263 |  207263
  7547342 | 2257234
 95277150 | 2257234
    67151 | 2257234
 94957150 | 2257234
 23527221 | 2257234
 94587150 |  207263
  2717301 | 2257234
  8238123 |  208123
 96007150 |  207263
   918123 |  208123
  5927242 | 2257234
 31757297 | 2257234
 30897302 | 2257234
   497299 | 2257234
(98 rows)
10.97.11.230 | SUCCESS | rc=0 >>
 id | clubid 
----+--------
(0 rows)
10.45.138.83 | SUCCESS | rc=0 >>
    id     | clubid  
-----------+---------
    758062 |  138062
 165718009 |  648099
 136138011 |  138062
 161898009 |  648099
  66878067 | 1498067
 160488009 |  648099
 165308009 |  648099
    878086 |  628099
  60268007 |  138062
  80088009 |  628099
   8368067 | 1498067
  80058009 |  628099
  80108009 |  628099
 165338009 |  648099
 161428009 |  648099
 165678009 |  648099
 165118009 |  138062
  12298062 |  138062
 121578062 | 1498067
 159898009 |  648099
  80028009 |  628099
  63768029 | 1498067
 162548009 |  648099
  15688007 |  628099
 130208011 |  648099
  80038009 |  628099
    318067 | 1498067
 162428009 |  648099
  14498024 |  138062
  68918067 | 1498067
 161388009 |  648099
 130378011 |   28006
 114488062 |  138062
  43578067 | 1498067
   2178083 |  138062
  64568067 | 1498067
 161688009 |   28006
    298062 |  138062
  16598062 |  138062
 163168009 |   28006
 161718009 |  648099
  67618067 | 1498067
  46958062 |  138062
     48006 |  138062
   1908024 | 1498067
  65408067 | 1498067
  60858006 |   28006
  68568067 | 1498067
  44958062 |  138062
 159918009 |  138062
  66098006 |   28006
   4878027 |  648099
  23598009 |  138062
  73918027 |  648099
  72178067 | 1498067
  20148006 |   28006
  84988029 |  138062
   3218029 |  138062
  51418099 |  648099
  13508027 |  138062
   2248024 | 4038011
 165038009 |  648099
 134328011 |  138062
  63638024 |  138062
  61938067 | 1498067
  65228067 | 1498067
   2548027 |  138062
   2958025 |  138062
   2338062 |  138062
  31568086 |  648099
 110368024 |  138062
  63368011 |  648099
  64608067 | 1498067
  50698062 | 1498067
   3188067 | 1498067
  41248029 |  138062
  65758067 | 1498067
  74498024 |   28006
 165468009 |  648099
 103148025 | 1498067
    958027 | 1498067
  65928006 |   28006
   8388006 |   28006
  66108006 |   28006
  66158006 |   28006
 110128024 | 1498067
  92018026 | 1498067
   1298011 |   28006
  37238011 | 1498067
  78008024 |  138062
  48218006 |   28006
 147518011 | 4038011
  65688006 |   28006
  65808006 |   28006
  16968006 |   28006
 145248011 | 4038011
  65918006 |   28006
    498006 |   28006
 147088011 | 4038011
 147078011 | 4038011
 109218025 |   28006
 145908011 | 4038011
 145898011 | 4038011
  63368028 |  648099
 145938011 | 4038011
 145958011 | 4038011
 147818011 |   28006
  83998029 |  138062
   1998024 | 1498067
 115038024 |  138062
 146078011 | 4038011
  52928011 |   28006
 146068011 | 4038011
   3948067 | 1498067
 123398062 |  138062
  46128062 |  138062
   8118062 |  138062
   5758062 |  138062
  62268062 |  138062
  66198067 |  648099
  68148067 | 1498067
  18938067 |  648099
  69758067 | 1498067
  66828067 | 1498067
  65888067 | 1498067
  69808067 | 1498067
  67748067 | 1498067
  57938062 |  138062
  64638067 | 1498067
  22678062 |  138062
  64588067 | 1498067
  71248067 | 1498067
  71398067 | 1498067
  42798062 |  138062
  69458067 | 1498067
  32418067 | 1498067
  22758062 |  138062
  67548067 | 1498067
  85848086 |  648099
  61698083 |  648099
  26308083 |  648099
  27078099 |  628099
  65488099 |  628099
  26248099 |  628099
  27228099 |  628099
  27048099 |  628099
  69258099 |  628099
  65508099 |  628099
  27238099 |  628099
  69128099 |  628099
  69418099 |  628099
  69158099 |  628099
  69148099 |  628099
  27128099 |  628099
  27258099 |  628099
  69238099 |  628099
  69248099 |  628099
  69108099 |  628099
  69228099 |  628099
  69138099 |  628099
  69198099 |  628099
  69168099 |  628099
  69218099 |  628099
  69268099 |  628099
  69278099 |  628099
  69398099 |  628099
  27098099 |  628099
  67188099 |  648099
  32868099 |  648099
  54178099 |  138062
  51158099 |  648099
   3478086 |  648099
  69208099 |  628099
  20938099 |  628099
   4928086 |  648099
  90238086 |  648099
  69178099 |  628099
  69118099 |  628099
  92368086 |  648099
  52368099 |  648099
  90968086 |  648099
  60768083 |  648099
   2728086 |  648099
  25098099 |  628099
  85838086 |  648099
  64028099 |  628099
(186 rows)
10.45.139.124 | SUCCESS | rc=0 >>
    id     | clubid  
-----------+---------
   4088008 |   17947
 112077955 |  167868
 138887851 | 3837851
    757989 | 2297990
  10737990 | 2297990
  57837869 |  167868
    137988 | 2297990
  31947972 |   17947
  43887844 |   17947
  32437990 | 2297990
   1827864 |  167868
     67865 |   17947
    618008 |   17947
  26017997 |   17947
  50987870 | 3837851
 141637851 |  167868
 141567851 |  167868
  51827990 |   17947
   7087990 | 2297990
    227867 |   17947
   6627986 | 2297990
   8847864 |  167868
   8798008 | 3837851
 113867955 | 3837851
  56567990 | 2297990
 144267851 | 2297990
  12177955 | 3837851
   2147970 |   17947
   7317997 | 2297990
 137327851 |  167868
   3037845 |  167868
   5897864 | 3837851
  25117958 | 2297990
  77767867 | 3837851
  52697864 |  167868
  48337868 | 3837851
 113117955 |  167868
  51987864 | 3837851
 146037851 |  167868
  26697988 | 2297990
  28597958 |   17947
  22477989 | 3837851
  17007989 | 2297990
    117988 |   17947
   1848008 |   17947
  13797864 |  167868
   5828008 | 2297990
  74727947 |   17947
 146117851 |  167868
   7767870 |  167868
   2357947 | 2297990
  29417956 |  167868
 141047851 |  167868
  10077987 | 2297990
  18627969 |   17947
   6347969 | 3837851
  39127947 | 3837851
  22417972 |   17947
  48627845 | 2297990
  10397997 |   17947
   3987845 |  167868
   3417988 |   17947
 142027851 | 2297990
  48287970 |   17947
   5967869 | 3837851
   3927971 |   17947
 129497851 | 3837851
  29877869 | 3837851
 123887851 |  167868
  23187866 | 3837851
  75957851 |   17947
  18977845 | 3837851
  35937865 |  167868
  30977969 | 2297990
  19267868 |  167868
  13537947 |   17947
   3497844 |  167868
   6927868 |  167868
  15907989 | 2297990
   1087870 |  167868
   3907844 |  167868
  66537865 |  167868
   3087869 |  167868
     67986 | 2297990
   1667843 |  167868
 133727851 | 3837851
   8577866 |  167868
 132957851 | 3837851
  64987868 | 3837851
 129867851 | 3837851
 132397851 |  167868
   4427957 |   17947
  73187845 |  167868
    537868 | 3837851
 141677851 |  167868
  11327989 |   17947
  88907956 | 5187851
  60397845 | 3837851
   2287969 |   17947
  82397955 | 3837851
  15427955 | 1557947
  61297967 |   17947
  37717843 |   17947
  16677843 |   17947
  28277957 |   17947
   7947972 |   17947
 132827851 | 2297990
 141127851 |  167868
   6157968 |   17947
  21307867 |  167868
   5617867 |  167868
  18427867 |  167868
  81697845 |  167868
   2967989 | 2297990
   1327868 |  167868
   4528008 |   17947
   5727989 | 5187851
   1697969 | 3837851
    187955 |   17947
  12547844 |   17947
  23147988 | 2297990
    447955 | 3837851
    597845 |   17947
   7887957 | 3837851
    357958 | 3837851
   4347947 | 3837851
 112637955 | 1557947
  74247955 |   17947
  22607969 |   17947
 112737955 |  167868
  62477947 |   17947
  49197969 | 3837851
  32687947 | 1557947
  25207957 | 1557947
  12437967 | 3837851
   1037958 |   17947
 111607955 | 1557947
  58017968 | 3837851
  12417971 |  167868
  11137988 | 2297990
  63927986 | 2297990
  39997986 | 3837851
  65887986 | 2297990
  65947986 | 2297990
    607988 | 3837851
  61627987 | 3837851
  72737986 | 3837851
   6937987 | 2297990
  10277987 | 3837851
  13348008 | 3837851
  13408008 |  167868
   9088008 | 3837851
  15168010 | 2297990
   1158008 | 2297990
  16157986 | 2297990
    957990 | 3837851
  64277986 | 2297990
  20747989 | 5187851
(158 rows)
10.45.138.100 | SUCCESS | rc=0 >>
 id | clubid 
----+--------
(0 rows)
10.45.136.3 | SUCCESS | rc=0 >>
    id     | clubid  
-----------+---------
   1028142 | 1108140
 117278101 |   28100
  23088142 | 1108140
    328100 |   28100
  27548101 |   28100
 116788101 | 1108140
   5308098 | 1108140
 119348101 | 1108140
  23498098 | 1108140
    458103 |   28100
   6938125 |  128125
    828118 | 1108140
  25548101 |   28100
 122618101 | 4968101
 122638101 | 4968101
  21768101 | 1108140
  16978100 |   28100
  59018101 |   28100
  12998142 | 1108140
  15528101 | 1108140
 122088101 |   28100
    958142 | 1108140
   4098101 | 1108140
  11768103 | 1108140
     48100 |   28100
  87508101 |   28100
    758101 |   28100
  11548101 |   28100
 121868101 | 1108140
 122678101 | 4968101
  68028101 |   28100
 122668101 | 4968101
 122688101 | 4968101
 122698101 | 4968101
   2148122 | 1108140
   1558101 |   28100
   7388121 |   28100
  47368098 |   28100
    358100 | 1108140
  83518103 |   28100
   1938098 | 1108140
  19338121 |   28100
    118121 |   28100
   9858100 |   28100
   1698101 |   28100
 103258100 |   28100
  71078100 | 1108140
  84398100 |   28100
  60378101 | 1108140
 103248100 |   28100
  84388100 |   28100
  84328100 |   28100
 108828101 |   28100
 109478101 |   28100
 109508101 | 2318101
  97048103 | 2318101
   1108103 | 1108140
   1718103 |   28100
  12138098 | 1108140
  73958098 |   28100
  41078098 | 1108140
  35708121 |   28100
   4458098 | 1108140
   2968121 |   28100
   2308121 | 1108140
  72848121 |   28100
   1678118 |  128125
  35498118 | 1108140
  61648118 |  128125
  61898125 |  128125
  61968125 |  128125
  61478125 |  128125
   2318125 |  128125
  20078125 |  128125
  66758125 |  128125
  61888125 |  128125
  45688118 | 1108140
    978118 | 1108140
  64158125 |  128125
  61798125 |  128125
  61678125 |  128125
  18508125 |  128125
  62558125 |  128125
  71748118 |  128125
  71718118 |  128125
  71708118 |  128125
  60998125 |  128125
   4308125 |  128125
   3228125 |  128125
  64148125 |  128125
  61808125 |  128125
  28918125 |  128125
   6468125 |  128125
  81448142 | 2318101
  81378142 | 2318101
  81428142 | 2318101
  81468142 | 2318101
  81418142 | 2318101
   3568142 | 1108140
   3918142 | 1108140
  81528142 | 2318101
   2158140 | 1108140
   4018142 | 1108140
   1948142 | 1108140
  60648142 | 1108140
   6818142 | 1108140
  81408142 | 2318101
   4248140 | 1108140
  27028142 | 1108140
   2568142 | 1108140
  81458142 | 2318101
   7208142 | 1108140
(112 rows)
10.97.12.53 | SUCCESS | rc=0 >>
 id | clubid 
----+--------
(0 rows)
10.97.10.38 | SUCCESS | rc=0 >>
 id | clubid 
----+--------
(0 rows)
10.97.12.109 | SUCCESS | rc=0 >>
 id | clubid 
----+--------
(0 rows)
10.97.12.37 | SUCCESS | rc=0 >>
 id | clubid 
----+--------
(0 rows)
10.97.12.230 | SUCCESS | rc=0 >>
 id | clubid 
----+--------
(0 rows)
10.97.12.88 | SUCCESS | rc=0 >>
 id | clubid 
----+--------
(0 rows)
10.97.10.140 | SUCCESS | rc=0 >>
 id | clubid 
----+--------
(0 rows)
10.97.9.80 | SUCCESS | rc=0 >>
 id | clubid 
----+--------
(0 rows)
10.97.12.97 | SUCCESS | rc=0 >>
 id | clubid 
----+--------
(0 rows)
10.48.8.72 | SUCCESS | rc=0 >>
 id | clubid 
----+--------
(0 rows)
10.48.8.213 | SUCCESS | rc=0 >>
 id | clubid 
----+--------
(0 rows)
10.48.9.76 | SUCCESS | rc=0 >>
 id | clubid 
----+--------
(0 rows)
10.48.9.101 | SUCCESS | rc=0 >>
 id | clubid 
----+--------
(0 rows)
10.48.8.93 | SUCCESS | rc=0 >>
 id | clubid 
----+--------
(0 rows)
10.48.8.224 | SUCCESS | rc=0 >>
 id | clubid 
----+--------
(0 rows)
10.48.8.60 | SUCCESS | rc=0 >>
 id | clubid 
----+--------
(0 rows)
10.48.8.104 | SUCCESS | rc=0 >>
 id | clubid 
----+--------
(0 rows)
10.48.8.76 | SUCCESS | rc=0 >>
 id | clubid 
----+--------
(0 rows)
10.48.9.3 | SUCCESS | rc=0 >>
 id | clubid 
----+--------
(0 rows)
10.97.11.226 | SUCCESS | rc=0 >>
 id | clubid 
----+--------
(0 rows)
10.97.9.118 | SUCCESS | rc=0 >>
 id | clubid 
----+--------
(0 rows)
10.97.11.149 | SUCCESS | rc=0 >>
 id | clubid 
----+--------
(0 rows)
10.97.8.114 | SUCCESS | rc=0 >>
 id | clubid 
----+--------
(0 rows)
10.97.11.203 | SUCCESS | rc=0 >>
 id | clubid 
----+--------
(0 rows)
10.97.12.222 | SUCCESS | rc=0 >>
 id | clubid 
----+--------
(0 rows)
10.97.10.193 | SUCCESS | rc=0 >>
 id | clubid 
----+--------
(0 rows)
10.97.12.24 | SUCCESS | rc=0 >>
 id | clubid 
----+--------
(0 rows)
10.48.9.31 | SUCCESS | rc=0 >>
 id | clubid 
----+--------
(0 rows)
10.48.8.68 | SUCCESS | rc=0 >>
 id | clubid 
----+--------
(0 rows)
10.48.9.123 | SUCCESS | rc=0 >>
 id | clubid 
----+--------
(0 rows)
10.48.8.152 | SUCCESS | rc=0 >>
 id | clubid 
----+--------
(0 rows)
10.48.8.214 | SUCCESS | rc=0 >>
 id | clubid 
----+--------
(0 rows)
10.48.8.21 | SUCCESS | rc=0 >>
 id | clubid 
----+--------
(0 rows)
10.48.8.244 | SUCCESS | rc=0 >>
 id | clubid 
----+--------
(0 rows)
10.48.9.167 | SUCCESS | rc=0 >>
 id | clubid 
----+--------
(0 rows)
10.48.9.86 | SUCCESS | rc=0 >>
 id | clubid 
----+--------
(0 rows)
10.48.9.19 | SUCCESS | rc=0 >>
 id | clubid 
----+--------
(0 rows)
10.45.136.139 | SUCCESS | rc=0 >>
   id    | clubid 
---------+--------
  298796 |  88796
  308796 |  88796
 3008796 |  88796
   98796 |  28796
 3138796 |  28796
 1898796 |  28796
 2968796 |  88796
 2828796 |  28796
 2978796 |  88796
 3408796 |  28796
  348796 |  88796
 3188796 |  28796
 2878796 |  28796
 3418796 |  28796
  518796 |  88796
  898796 |  28796
 3238796 |  28796
  548796 |  88796
  378796 |  28796
  978796 |  28796
  488796 |  88796
  318796 |  88796
  248796 |  28796
  648796 |  28796
 3438796 |  28796
 2778796 |  88796
 3358796 |  28796
 1888796 |  28796
 1378796 |  28796
  638796 |  28796
 1398796 |  88796
 2138796 |  28796
 2848796 |  28796
 1638796 |  28796
  718796 |  28796
 3118796 |  28796
 2548796 |  28796
 3018796 |  88796
  498796 |  28796
 1348796 |  28796
  208796 |  28796
 3038796 |  88796
 3028796 |  88796
 3488796 |  88796
 3508796 |  88796
 2948796 |  28796
  118796 |  28796
 3458796 |  28796
 3428796 |  28796
(49 rows)
10.45.137.249 | SUCCESS | rc=0 >>
 id | clubid 
----+--------
(0 rows)
10.45.139.5 | SUCCESS | rc=0 >>
 id | clubid 
----+--------
(0 rows)
10.45.137.72 | SUCCESS | rc=0 >>
   id    | clubid 
---------+--------
  198793 |  28793
  268793 |  28793
 2138793 |  28793
   18793 |  28793
  618793 |  28793
  808793 |  28793
 1368793 |  28793
 1188793 |  28793
  168793 |  28793
  278793 |  28793
 1888793 |  28793
  128793 |  28793
(12 rows)
10.97.10.149 | SUCCESS | rc=0 >>
 id | clubid 
----+--------
(0 rows)
10.97.12.128 | SUCCESS | rc=0 >>
 id | clubid 
----+--------
(0 rows)
10.97.11.161 | SUCCESS | rc=0 >>
 id | clubid 
----+--------
(0 rows)
10.45.136.54 | SUCCESS | rc=0 >>
   id    | clubid 
---------+--------
 4388792 |  68792
  278792 |  68792
  618792 |  28792
 5428792 |  28792
  358792 |  68792
  118792 |  28792
  238792 |  68792
  468792 |  28792
 4808792 |  68792
  538792 |  28792
 4748792 |  68792
 1928792 |  28792
  758792 |  68792
  788792 |  28792
 4448792 |  68792
 2138792 |  28792
  948792 |  68792
 5728792 |  28792
 4958792 |  68792
   38792 |  28792
 5048792 |  68792
 5378792 |  28792
 4368792 |  68792
  858792 |  68792
  598792 |  68792
 1068792 |  28792
 4358792 |  68792
 4998792 |  68792
 5278792 |  68792
 1018792 |  28792
 1328792 |  68792
 1958792 |  28792
 2908792 |  68792
  298792 |  68792
  778792 |  68792
 5958792 |  28792
 5208792 |  68792
 3278792 |  68792
 6108792 |  28792
 3398792 |  28792
  368792 |  28792
 1038792 |  28792
 5348792 |  28792
 2998792 |  68792
 3428792 |  28792
 1148792 |  28792
 3438792 |  28792
  198792 |  68792
  628792 |  68792
  988792 |  68792
  478792 |  28792
 6968792 |  28792
 7008792 |  28792
 6948792 |  28792
 3268792 |  68792
  408792 |  68792
 2678792 |  68792
(57 rows)
10.97.12.249 | SUCCESS | rc=0 >>
 id | clubid 
----+--------
(0 rows)
10.97.10.32 | SUCCESS | rc=0 >>
 id | clubid 
----+--------
(0 rows)
10.97.12.153 | SUCCESS | rc=0 >>
 id | clubid 
----+--------
(0 rows)
10.45.137.204 | SUCCESS | rc=0 >>
   id    | clubid 
---------+--------
 3178797 |  18797
 5368797 |  18797
 5328797 |  18797
  708797 |  18797
 3228797 |  18797
  298797 |  18797
 2438797 |  18797
 5358797 |  18797
  688797 |  18797
  928797 |  18797
 5348797 |  18797
 5338797 |  18797
 5308797 |  18797
 4888797 |  18797
 1328797 |  18797
 1988797 |  18797
 1108797 |  18797
 4318797 |  18797
  678797 |  18797
  888797 |  18797
   78797 |  18797
  248797 |  18797
 1378797 |  18797
 2328797 |  18797
 2018797 |  18797
 2558797 |  18797
 2948797 |  18797
 3008797 |  18797
 4858797 |  18797
 4898797 |  18797
 1228797 |  18797
 4908797 |  18797
 4868797 |  18797
  348797 |  18797
 3378797 |  18797
 4008797 |  18797
 5218797 |  18797
 4298797 |  18797
  778797 |  18797
  138797 |  18797
(40 rows)
10.97.11.160 | SUCCESS | rc=0 >>
 id | clubid 
----+--------
(0 rows)
10.97.12.108 | SUCCESS | rc=0 >>
 id | clubid 
----+--------
(0 rows)
10.97.9.215 | SUCCESS | rc=0 >>
 id | clubid 
----+--------
(0 rows)
10.97.9.129 | SUCCESS | rc=0 >>
 id | clubid 
----+--------
(0 rows)
10.97.8.181 | SUCCESS | rc=0 >>
 id | clubid 
----+--------
(0 rows)
10.97.10.102 | SUCCESS | rc=0 >>
 id | clubid 
----+--------
(0 rows)
10.97.9.226 | SUCCESS | rc=0 >>
 id | clubid 
----+--------
(0 rows)
10.97.8.241 | SUCCESS | rc=0 >>
 id | clubid 
----+--------
(0 rows)
10.48.8.191 | SUCCESS | rc=0 >>
 id | clubid 
----+--------
(0 rows)
10.48.9.27 | SUCCESS | rc=0 >>
 id | clubid 
----+--------
(0 rows)
10.48.8.210 | SUCCESS | rc=0 >>
 id | clubid 
----+--------
(0 rows)
10.48.8.252 | SUCCESS | rc=0 >>
 id | clubid 
----+--------
(0 rows)
10.97.12.14 | SUCCESS | rc=0 >>
 id | clubid 
----+--------
(0 rows)
10.97.11.245 | SUCCESS | rc=0 >>
 id | clubid 
----+--------
(0 rows)
10.97.8.142 | SUCCESS | rc=0 >>
 id | clubid 
----+--------
(0 rows)
10.97.11.87 | SUCCESS | rc=0 >>
 id | clubid 
----+--------
(0 rows)
10.45.137.77 | SUCCESS | rc=0 >>
    id    | clubid 
----------+--------
  4608701 | 108701
  4638701 | 108701
  4168701 | 108701
  2428701 | 108701
  1498644 |  18644
  4618701 | 108701
  3378644 |  18644
  1138701 |  18680
  3368644 |  18644
    88701 | 108701
  1478644 |  18644
  2828679 |  18661
  1048679 |  18644
  1188644 |  18644
   898679 |  18644
  2838644 |  18644
   948662 |  18644
  3308697 | 108701
  1108661 |  18661
   238644 |  18644
 27788644 |  18680
  1888696 |  18661
  1638664 |  18661
  1308647 |  18661
   418693 |  18680
   298701 | 108701
  5988647 |  18680
   358647 | 108701
  1318680 |  18680
   378679 |  18661
   478675 |  18680
   298647 |  18644
  2548666 |  18680
   488661 |  18661
  1088701 |  18680
   278666 |  18680
   398701 |  18680
    78701 | 108701
   168680 |  18680
  1458644 |  18644
    38666 |  18644
   498665 |  18661
  1728703 |  18644
   328644 |  18644
  1468675 |  18680
   608679 |  18661
   768661 |  18661
   148665 | 108701
   408665 |  18661
   128665 | 108701
  2678666 |  18680
   978663 | 108701
  1338663 |  18644
  3238663 |  18644
  1758663 |  18644
   248663 |  18680
   898663 | 108701
   198664 |  18644
   688664 |  18680
   888664 |  18644
  1978664 |  18680
  4508664 |  18680
  4388664 |  18661
   268661 |  18644
  1948661 |  18661
   438661 |  18644
   288661 |  18661
  4408661 |  18661
  1458662 | 108701
   588662 |  18644
   308662 |  18680
    88662 | 108701
  4098662 | 108701
  3568662 |  18644
  1178662 |  18644
   568662 |  18644
  4908662 |  18644
  4538662 |  18644
  1768676 |  18661
  1798676 |  18644
   198676 |  18680
  3158674 |  18680
   488674 | 108701
    68674 |  18680
    38675 |  18680
  1858679 |  18644
   218679 |  18644
   658679 | 108701
   338679 |  18644
  1018679 |  18661
   358679 |  18680
   198680 |  18680
   338680 | 108701
  6848680 |  18680
  2708680 |  18680
  1568680 | 108701
    18680 |  18680
   228680 |  18680
    68680 |  18680
  1858680 | 108701
   448680 |  18680
  1828677 |  18644
  4078677 |  18644
   138696 |  18661
    68696 | 108701
   318696 |  18661
   118696 |  18644
   228703 |  18680
   668703 |  18644
  1608703 | 108701
  2098693 |  18680
  2108693 |  18680
  3508693 |  18644
  1538693 |  18680
  1488694 | 108701
  3138694 |  18644
  2818694 |  18644
   978701 | 108701
   358701 | 108701
  2348701 | 108701
  4648701 | 108701
  2318701 | 108701
  2358701 | 108701
  2338701 | 108701
  1028701 | 108701
  1008701 | 108701
  2478701 | 108701
  2248701 |  18680
  1048701 | 108701
  2368701 | 108701
   968701 | 108701
   998701 | 108701
   138701 | 108701
  1198697 |  18644
(134 rows)
10.45.138.230 | SUCCESS | rc=0 >>
    id    | clubid 
----------+--------
  6448606 |  48606
 30728499 |  48606
    28625 | 178555
   308611 |  28592
 30608499 |  48606
   148606 |  48606
  2468499 | 178555
   458570 | 178555
  2328608 |  28592
  5038606 |  48606
   658570 | 178555
   498606 |  48606
   218499 |  28592
   988646 |  28592
  1988588 |  28592
   138643 |  28592
   338606 |  48606
   148591 | 178555
   228499 |  28592
  7638606 |  48606
   428643 | 178555
  3808499 | 178555
   268537 |  48606
  1448537 |  28592
    58537 |  28592
  1218555 | 178555
  1138555 | 178555
  1778555 | 178555
   118555 | 178555
   338572 |  28592
   448575 |  28592
   388575 |  48606
  2018575 | 178555
  2908575 |  28592
  2708575 |  48606
  4408571 | 178555
  3548571 |  48606
  1688571 |  48606
  2308574 |  28592
   278574 |  28592
   518574 |  28592
  2938573 |  28592
  1828570 | 178555
  6348570 | 178555
  1198570 | 178555
  2348570 | 178555
  6568570 | 178555
   298570 | 178555
  6148570 |  48606
  1558593 | 178555
   388593 |  28592
   308589 | 178555
   538589 | 178555
   388589 |  28592
   648589 | 178555
   248589 | 178555
  1528591 | 178555
  2018591 | 178555
   118591 | 178555
  5028591 |  48606
  1148590 |  28592
   268590 |  48606
  4468590 | 178555
  3128592 |  48606
   588592 |  28592
    98592 |  28592
   168592 |  28592
   508592 |  28592
 14538592 |  28592
  6368588 |  28592
  4358588 | 178555
  1658607 |  48606
   658609 | 178555
   898609 |  48606
   458609 | 178555
   208609 | 178555
  2438608 |  48606
   828611 |  28592
   868611 |  28592
   418606 |  48606
  1448606 | 178555
  8358606 |  48606
  4928606 |  48606
   818606 |  48606
  2188606 |  48606
   938627 | 178555
   448627 |  28592
   838627 |  48606
   838624 |  48606
   278624 |  48606
   238624 |  28592
   538628 | 568628
  4578628 | 568628
  3828628 | 568628
  4118628 | 568628
  4098628 | 568628
  1748625 |  28592
  1218625 | 178555
    38625 |  28592
  1038646 |  28592
   928646 |  28592
   498646 |  28592
   138646 | 178555
   508642 |  28592
  1188642 | 178555
   118643 |  28592
   468643 | 178555
  1738643 |  48606
  2088643 | 178555
  1998643 |  28592
  2128643 |  28592
   198643 |  28592
(112 rows)
10.97.9.192 | SUCCESS | rc=0 >>
 id | clubid 
----+--------
(0 rows)
10.97.11.50 | SUCCESS | rc=0 >>
 id | clubid 
----+--------
(0 rows)
10.97.10.202 | SUCCESS | rc=0 >>
 id | clubid 
----+--------
(0 rows)
10.97.11.144 | SUCCESS | rc=0 >>
 id | clubid 
----+--------
(0 rows)
10.48.8.142 | SUCCESS | rc=0 >>
 id | clubid 
----+--------
(0 rows)
10.45.139.170 | SUCCESS | rc=0 >>
   id    | clubid 
---------+--------
 2968719 |  48717
 1488719 |  38720
 1128718 |  48717
  288720 |  38720
 1848720 |  38720
  218720 |  38720
  758720 |  38720
 4158720 |  38720
 2618720 |  18721
 2238720 |  38720
  958720 |  38720
  478720 |  18721
 3838720 |  18721
 1798720 |  38720
 3968720 |  38720
 3948720 |  38720
 1308721 |  48717
  738721 |  38720
 3058722 |  48717
  358722 |  18721
 5948717 |  48717
   28717 |  48717
 5908717 |  48717
 1928717 |  48717
 6118717 |  48717
  758717 |  48717
  118717 |  18721
 1878717 |  48717
 2508717 |  48717
 2858717 |  48717
 4928717 |  38720
 4828740 |  18721
 1038740 |  48717
  808740 |  48717
   88738 |  38720
  218738 |  48717
 3178738 |  38720
 2468741 |  48717
  218741 |  38720
  128720 |  18721
  248735 |  38720
 3688738 |  18721
  868717 |  48717
 3218721 |  18721
  498735 |  18721
 2218721 |  48717
  948720 |  38720
  408735 |  48717
 2528740 |  18721
 3968738 |  18721
 2378717 |  48717
 4048738 |  18721
  728741 |  48717
  768720 |  38720
 3678720 |  38720
   88721 |  18721
  178738 |  18721
  258740 |  18721
  138738 |  18721
 1288717 |  48717
  168718 |  18721
 3278720 |  48717
  448740 |  18721
  918736 |  48717
  588721 |  18721
  258721 |  18721
 2818721 |  18721
 1538717 |  48717
 6158717 |  48717
 3198740 |  48717
  528736 |  18721
  448720 |  48717
 1188717 |  48717
  558721 |  18721
  338717 |  48717
  168722 |  48717
 2188719 |  18721
 3678738 |  18721
  148735 |  48717
  158717 |  18721
  388721 |  18721
 1438736 |  48717
 1728717 |  48717
  148719 |  18721
 2508741 |  48717
  538717 |  48717
 1998740 |  38720
 1618720 |  18721
 4108720 |  18721
 3208738 |  18721
(90 rows)
10.45.136.235 | SUCCESS | rc=0 >>
   id    | clubid  
---------+---------
  428739 |   38756
 2088752 |   38752
 3478739 |   78737
 3408739 |   78737
  358737 |   78737
 1228737 | 2218739
  858737 |   38756
 1698737 |   78737
  838737 |   78737
 1008737 |   78737
  238752 |   38752
  918737 |   38756
 3588737 |   38756
 2108739 |   38752
 2998737 | 2218739
  298737 |   38752
 1298737 |   78737
 3578737 |   38756
 3598737 | 2218739
 2498753 |   38752
 1148756 |   38756
   88756 |   38756
  378756 |   38756
 1128753 |   78737
  858756 |   38756
 1048756 |   78737
 3778750 | 2028739
 1688752 |   78737
 3648756 |   38756
  918756 |   38756
 2408752 |   38752
 3618756 |   38756
 5478739 | 2028739
  458737 |   78737
  188756 |   38756
  618756 |   78737
 3658756 |   38756
 4408756 |   78737
 1048757 |   78737
 1508757 |   38752
  378757 |   38752
  218758 |   38752
 2548752 |   38752
 2588752 |   38752
 2578752 |   38752
 2608752 |   38752
  118752 |   38752
  168750 |   38752
 1418750 |   38752
 3928750 |   38756
 6808739 |   38756
  418752 |   38752
  678758 |   78737
  198758 |   38756
  628758 |   78737
  158758 | 2218739
   18737 |   38752
  188758 |   78737
  418753 |   38752
   28752 |   38752
 3378737 |   78737
  568739 |   78737
  258737 |   38756
   38758 |   78737
 2098756 |   78737
  648756 |   38756
 2028753 |   78737
  318737 |   38756
  978737 |   38756
  998750 |   78737
  228756 |   78737
  518757 |   38752
   68756 |   78737
 4988739 |   38756
 3388737 |   78737
 1408752 |   38752
 2568752 |   38752
   48737 |   38752
  308737 |   38756
  218737 |   38756
  638752 |   38752
  758752 |   38752
  448737 | 2218739
 1138737 |   78737
  468756 |   38756
  518739 |   78737
 6378739 |   38756
  198757 |   38752
  288756 |   38756
  568737 |   38756
 1268757 |   38752
 2518739 |   38752
  728758 |   78737
 2538752 |   38752
 1248739 |   38756
  118753 |   38752
  768739 |   78737
 6388739 |   38756
 6448739 |   38756
 6438739 |   38756
  668753 |   38752
  718752 |   38752
 1908739 |   78737
 3608737 | 2218739
 1298757 |   38752
  328756 |   38756
 3358737 |   78737
 2008756 |   38752
  738757 |   78737
  948739 |   78737
 2558750 | 2028739
  688739 |   38756
  208757 |   38752
  108753 |   78737
(114 rows)
10.48.8.254 | SUCCESS | rc=0 >>
 id | clubid 
----+--------
(0 rows)
10.48.8.237 | SUCCESS | rc=0 >>
 id | clubid 
----+--------
(0 rows)
10.48.8.17 | SUCCESS | rc=0 >>
 id | clubid 
----+--------
(0 rows)
10.45.137.206 | SUCCESS | rc=0 >>
   id    | clubid 
---------+--------
 5228815 |  58815
 2378815 |  58815
  778815 |  58815
  618815 |  58815
  128815 |  58815
  628815 |  58815
  298815 |  58815
 4338815 |  58815
 4688815 |  58815
  588815 |  58815
  288815 |  58815
 2008815 |  58815
 4328815 |  58815
 4408815 |  58815
 4788815 |  58815
 5998815 |  58815
 4698815 |  58815
(17 rows)
10.45.137.172 | SUCCESS | rc=0 >>
 id | clubid 
----+--------
(0 rows)
10.45.136.111 | SUCCESS | rc=0 >>
 id | clubid 
----+--------
(0 rows)
10.45.139.66 | SUCCESS | rc=0 >>
 id | clubid 
----+--------
(0 rows)
10.45.138.8 | SUCCESS | rc=0 >>
 id | clubid 
----+--------
(0 rows)
10.48.9.79 | SUCCESS | rc=0 >>
 id | clubid 
----+--------
(0 rows)
10.48.9.14 | SUCCESS | rc=0 >>
 id | clubid 
----+--------
(0 rows)
10.48.8.2 | SUCCESS | rc=0 >>
 id | clubid 
----+--------
(0 rows)
10.48.8.25 | SUCCESS | rc=0 >>
 id | clubid 
----+--------
(0 rows)
10.48.8.34 | SUCCESS | rc=0 >>
 id | clubid 
----+--------
(0 rows)
10.45.139.206 | SUCCESS | rc=0 >>
 id | clubid 
----+--------
(0 rows)
10.45.139.61 | SUCCESS | rc=0 >>
 id | clubid 
----+--------
(0 rows)
10.45.137.220 | SUCCESS | rc=0 >>
    id     | clubid  
-----------+---------
  91647588 |   87619
   2357619 |   87619
  47567619 |   87619
  18327088 | 2317582
  28037654 |  127654
  47817619 |   87619
  30647654 |  127654
  49017619 |   87619
 216707028 | 2317582
  17367107 | 2317582
  91627588 |   87619
  19417026 | 7767028
  36007654 |  127654
  47607619 |   87619
  42857037 | 2317582
   2497619 | 2317582
   6287551 | 2317582
  33767654 |  127654
 242947028 | 2317582
  63257556 | 2317582
  35627654 |  127654
   4567620 | 7767028
  55057654 |  127654
   3177103 | 7767028
  62967556 | 2317582
    817619 |   87619
  64967556 | 2317582
  30557654 |  127654
  65387584 | 2317582
   1837623 |  127654
  32647589 | 2317582
  33807654 |  127654
  54527623 | 2317582
  20987654 |  127654
   8087104 | 7767028
   5797556 | 2317582
  23727620 | 2317582
    327623 | 7767028
    967032 | 2317582
   6477582 | 2317582
  25347587 | 2317582
   2397619 |   87619
  65397556 | 2317582
    527653 | 2317582
  11297107 | 7767028
  49027619 |   87619
   7917149 | 2317582
     67040 | 2317582
   2577654 | 2317582
  35257083 | 7767028
    677590 | 2317582
   7347586 | 2317582
    157584 | 7767028
   9407083 | 2317582
  19327107 | 2317582
  59017551 | 2317582
  11667104 | 2317582
  22167113 | 2317582
   1187104 | 2317582
   1617102 | 2317582
     27025 | 2317582
  91637588 |   87619
 243667028 | 7767028
  42627589 | 7767028
     77620 | 2317582
   8957040 | 2317582
   1627104 | 7767028
   7647547 | 2317582
     57586 | 2317582
   6187024 | 2317582
  33727582 | 2317582
  38107027 | 2317582
(72 rows)
10.45.136.151 | SUCCESS | rc=0 >>
 id | clubid 
----+--------
(0 rows)
10.97.11.225 | SUCCESS | rc=0 >>
 id | clubid 
----+--------
(0 rows)
10.45.137.239 | SUCCESS | rc=0 >>
   id    | clubid  
---------+---------
 3288772 | 1388772
 3278772 | 1388772
 3258772 | 1388772
  758772 | 1388772
 2928772 | 1388772
 4108772 | 1388772
  178772 | 1388772
 1418772 | 1388772
(8 rows)
10.97.9.14 | SUCCESS | rc=0 >>
 id | clubid 
----+--------
(0 rows)
10.97.12.183 | SUCCESS | rc=0 >>
 id | clubid 
----+--------
(0 rows)
10.97.12.58 | SUCCESS | rc=0 >>
 id | clubid 
----+--------
(0 rows)
10.45.138.106 | SUCCESS | rc=0 >>
 id | clubid 
----+--------
(0 rows)
10.45.136.143 | SUCCESS | rc=0 >>
   id    | clubid 
---------+--------
  358773 |  18773
 2138773 |  18773
 2758773 |  18773
  368773 |  18773
 2928773 |  18773
   48773 |  18773
  148773 |  18773
 1088773 |  18773
 2098773 |  18773
 3038773 |  18773
 1848773 |  18773
  178773 |  18773
  108773 |  18773
  328773 |  18773
  118773 |  18773
  268773 |  18773
  458773 |  18773
  128773 |  18773
  238773 |  18773
  498773 |  18773
 3188773 |  18773
 1298773 |  18773
 1908773 |  18773
  518773 |  18773
   38773 |  18773
 3108773 |  18773
 3128773 |  18773
 3008773 |  18773
 3148773 |  18773
 3138773 |  18773
 3118773 |  18773
(31 rows)
10.45.139.38 | SUCCESS | rc=0 >>
 id | clubid 
----+--------
(0 rows)
10.45.137.163 | SUCCESS | rc=0 >>
   id    | clubid 
---------+--------
  158776 |  58776
 1558776 |  58776
 2068776 |  58776
 5858776 |  58776
 2718776 |  58776
  478776 |  58776
  688776 |  58776
  668776 |  58776
 2768776 |  58776
  868776 |  58776
  148776 |  58776
 1968776 |  58776
 2418776 |  58776
 5878776 |  58776
 1498776 |  58776
  258776 |  58776
 5788776 |  58776
 5828776 |  58776
 5898776 |  58776
  488776 |  58776
 1088776 |  58776
 2868776 |  58776
  108776 |  58776
  628776 |  58776
 1668776 |  58776
 5918776 |  58776
 5798776 |  58776
 5868776 |  58776
 5908776 |  58776
 5928776 |  58776
 5888776 |  58776
  788776 |  58776
  218776 |  58776
 1278776 |  58776
 1468776 |  58776
   88776 |  58776
 5848776 |  58776
  138776 |  58776
 5758776 |  58776
 1588776 |  58776
(40 rows)
10.97.12.127 | SUCCESS | rc=0 >>
 id | clubid 
----+--------
(0 rows)
10.97.11.95 | SUCCESS | rc=0 >>
 id | clubid 
----+--------
(0 rows)
10.97.9.210 | SUCCESS | rc=0 >>
 id | clubid 
----+--------
(0 rows)
10.97.9.89 | SUCCESS | rc=0 >>
 id | clubid 
----+--------
(0 rows)
10.45.139.209 | SUCCESS | rc=0 >>
 id | clubid 
----+--------
(0 rows)
10.45.139.133 | SUCCESS | rc=0 >>
    id     | clubid  
-----------+---------
 131447741 | 1287764
  83097726 |   37764
 153317741 |   37764
 132137741 |   37764
  78447726 |   37764
  78427726 |   37764
  71847726 | 1287764
  72607764 | 1287764
  78107764 | 1287764
    627741 |   37764
  53147741 |   37764
  80307726 |   37764
  70587726 | 1287764
 134537741 | 1287764
 128577741 | 1287764
  78437726 |   37764
  78467726 |   37764
  70607726 | 1287764
  80227726 |   37764
  75477754 |   37764
  80217726 |   37764
  73257764 | 1287764
  70617726 | 1287764
    927726 |   37764
  64427741 |   37764
  72957764 | 1287764
  77297764 | 1287764
  79827764 | 1287764
 130177741 | 1287764
  80317726 |   37764
  71817726 | 1287764
    287726 |   37764
  66947741 |   37764
  71827726 | 1287764
 132587741 |   37764
  18567741 |   37764
 146347741 | 1287764
  74257764 |   37764
  80327726 |   37764
 152467741 | 1287764
  83137726 |   37764
  23847753 |   37764
  45547764 |   37764
  73627764 | 1287764
  77377764 | 1287764
  79807764 | 1287764
  70577726 | 1287764
  29197753 |   37764
  79817764 | 1287764
  73307764 | 1287764
    347764 | 1287764
  74157764 | 1287764
  70597726 | 1287764
  71837726 | 1287764
  39547753 |   37764
  77387764 | 1287764
 131887741 | 1287764
  64447764 | 1287764
  80197726 |   37764
  80297726 |   37764
  71927764 | 1287764
 128847741 | 1287764
  38867764 | 1287764
 128747741 | 1287764
  71857726 | 1287764
  80187726 |   37764
  73917764 | 1287764
 128927741 | 1287764
  73317764 | 1287764
  71447764 | 1287764
    877753 |   37764
   1687753 |   37764
  59377764 |   37764
  29237741 |   37764
   3507741 |   37764
   1187726 |   37764
  80337726 |   37764
  80207726 |   37764
     27726 |   37764
(79 rows)
10.45.137.114 | SUCCESS | rc=0 >>
 id | clubid 
----+--------
(0 rows)
10.45.139.115 | SUCCESS | rc=0 >>
 id | clubid 
----+--------
(0 rows)
10.45.137.156 | SUCCESS | rc=0 >>
 id | clubid 
----+--------
(0 rows)
10.45.137.138 | SUCCESS | rc=0 >>
 id | clubid 
----+--------
(0 rows)
10.48.8.101 | SUCCESS | rc=0 >>
 id | clubid 
----+--------
(0 rows)
10.48.9.117 | SUCCESS | rc=0 >>
 id | clubid 
----+--------
(0 rows)
10.48.8.149 | SUCCESS | rc=0 >>
 id | clubid 
----+--------
(0 rows)
10.48.8.193 | SUCCESS | rc=0 >>
 id | clubid 
----+--------
(0 rows)
10.48.8.102 | SUCCESS | rc=0 >>
 id | clubid 
----+--------
(0 rows)
10.48.9.74 | SUCCESS | rc=0 >>
 id | clubid 
----+--------
(0 rows)
10.45.138.172 | SUCCESS | rc=0 >>
 id | clubid 
----+--------
(0 rows)
10.45.136.174 | SUCCESS | rc=0 >>
 id | clubid 
----+--------
(0 rows)
